郊外
24 20
1  1  1  1  1  1  1  1  1  1  1  1  1  1  1  1  1  1  1  1  1  1  1  1
1  1  1  1  1  1  1  1  1  9  0  0  0  0  0  0  0  0  0  0  0  0  0  1
1  1  1  1  1  1  1  1  9  0  0  0  0  0  0  0  0  0  0  0  0  0  0  1
1  1  1  1  1  1  1  9  9  0  0  0  0  0  0  0  0  0  0  0  0  0  0  1
1  1  1  1  1  1  1  9  0  0  0  0  0  0  0  0  0  0  0  0  0  0  0  1
1  1  1  1  1  1  9  0  0  0  0  0  0  0  0  0  0  0  0  0  0  0  0  1
1  9  9  0  0  0  0  0  0  0  0  0  0  0  0  0  0  0  0  0  0  0  0  1
1  9  0  0  0  0  0  0  0  0  0  0  0  0  0  0  0  0  0  0  0  0  0  1
2  9  0  0  0  0  0  0  0  0  0  0  9  9  9  9  0  0  0  0  0  0  0  1
1  0  0  0  0  9  9  9  9  9  9  9  9  0  0  0  0  0  0  0  0  0  0  1
1  0  0  0  0  0  0  0  0  0  0  0  0  0  0  0  0  0  0  0  0  0  0  1
1  0  0  0  0  0  0  0  0  0  0  0  0  0  0  9  9  9  0  0  0  0  0  1
1  0  0 11  0  9  9  9  9  9  9  9  9  9  9  9  0  0  0  0  0  0  0  1
1  0  0  0  0  0  0  0  0  0  0  0  0  0  0  0  0  0  0  0  0  0  0  1
1  0  0  0  0  0  0  0  0  0  0  0  0  0  0  0  0  0  0  0  0  0  0  1
1  0  0  0  0  0  0  0  0  0  0  0  0  0  0  0  0  0  0  0  0  0  0  1
1  0  0  0  0  0  0  0  0  0  0  0  0  0  0  0  0  0  0  0  0  0  0  1
1  0  0  0  0  0  0  0  0  0  0  0  0  0  0  0  0  0  0  0  0  0  0  1 
1  0  0  0  0  0  0  0  0  0  0  0  0  0  0  0  0  0  0  0  0  0  0  1
1  1  1  1  1  1  1  1  1  1  1  1  1  1  1  1  1  1  1  1  1  1  1  1
2
0  8   1   12 10  5
3  12  2   0  6  1  1  2  0  3  1  4  0  5  1  6  0  7  1  8  0  9  2  8  5  10  0 11 1  11 -1
13
一个普通的人
你好
你是
我是一个普通的人
......
你终于走出了家门
怎么了
我有一个好消息,你要听吗?
好的我听
好消息是:我有一个好消息,你要听吗?
算了吧?
在见!
home